image_width: 640
image_height: 480
camera_name: rgb_PS1080_PrimeSense
camera_matrix:
  rows: 3
  cols: 3
  data: [559.8133661583705, 0.0, 305.2412965601904, 0.0, 559.8133661583705, 239.55679076634445, 0.0, 0.0, 1.0]
distortion_model: plumb_bob
distortion_coefficients:
  rows: 1
  cols: 5
  data: [0.06160023507612199, -0.16051600017219247, -0.0007102280584684416, -0.004836852902289733, 0.08625411604413716]
rectification_matrix:
  rows: 3
  cols: 3
  data: [1, 0, 0, 0, 1, 0, 0, 0, 1]
projection_matrix:
  rows: 3
  cols: 4
  data: [561.7694091796875, 0.0, 301.956327826083, 0.0, 0.0, 564.0380249023438, 238.77588630367063, 0.0, 0.0, 0.0, 1.0, 0.0]
