image_width: 640
image_height: 480
camera_name: rgb_PS1080_PrimeSense
camera_matrix:
  rows: 3
  cols: 3
  data: [537.9198563722749, 0.0, 323.3348923959365, 0.0, 537.9198563722749, 231.33793503367136, 0.0, 0.0, 1.0]
distortion_model: plumb_bob
distortion_coefficients:
  rows: 1
  cols: 5
  data: [0.07372163088227496, -0.2849964503928021, -0.0024336649681844084, 0.0038532542700230356, 0.26619478050430484]
rectification_matrix:
  rows: 3
  cols: 3
  data: [1, 0, 0, 0, 1, 0, 0, 0, 1]
projection_matrix:
  rows: 3
  cols: 4
  data: [538.2591552734375, 0.0, 325.14579504932044, 0.0, 0.0, 540.2052612304688, 229.95316507412826, 0.0, 0.0, 0.0, 1.0, 0.0]
