image_width: 1296
image_height: 1032
camera_name: 14180963
camera_matrix:
  rows: 3
  cols: 3
  data: [975.3900492181253, 0.0, 647.5, 0.0, 975.3900492181253, 515.5, 0.0, 0.0, 1.0]
distortion_model: plumb_bob
distortion_coefficients:
  rows: 1
  cols: 5
  data: [-0.3515494752383385, 0.17905123036697035, 0.003043522269099847, 0.0030928668218229405, -0.05796789191514756]
rectification_matrix:
  rows: 3
  cols: 3
  data: [1, 0, 0, 0, 1, 0, 0, 0, 1]
projection_matrix:
  rows: 3
  cols: 4
  data: [813.1469116210938, 0.0, 654.8398557309956, 0.0, 0.0, 873.9404907226562, 518.7091695357485, 0.0, 0.0, 0.0, 1.0, 0.0]
