image_width: 1296
image_height: 1032
camera_name: 14180964
camera_matrix:
  rows: 3
  cols: 3
  data: [1227.9, 0, 647.5, 0, 1227.9, 515.5, 0, 0, 1]
distortion_model: plumb_bob
distortion_coefficients:
  rows: 1
  cols: 5
  data: [-0.324123, 0.178956, 0.000712, 0.000056, -0.069428]
rectification_matrix:
  rows: 3
  cols: 3
  data: [1, 0, 0, 0, 1, 0, 0, 0, 1]
projection_matrix:
  rows: 3
  cols: 4
  data: [1114.4, 0, 647.0, 0, 0, 1155.6, 515.5, 0, 0, 0, 1, 0]
