image_width: 1296
image_height: 1032
camera_name: 14180964
camera_matrix:
  rows: 3
  cols: 3
  data: [1236.529240643983, 0.0, 647.5, 0.0, 1236.529240643983, 515.5, 0.0, 0.0, 1.0]
distortion_model: plumb_bob
distortion_coefficients:
  rows: 1
  cols: 5
  data: [-0.3386579902004071, 0.23495676726714718, 0.000767087159491163, 0.0003980613714687188, -0.14991265417654875]
rectification_matrix:
  rows: 3
  cols: 3
  data: [1, 0, 0, 0, 1, 0, 0, 0, 1]
projection_matrix:
  rows: 3
  cols: 4
  data: [1121.5042724609375, 0.0, 647.4901533298034, 0.0, 0.0, 1162.9290771484375, 515.5663267885757, 0.0, 0.0, 0.0, 1.0, 0.0]
